0.000000e+00 0.000000e+00 2.187352e-01
0.000000e+00 1.000000e+00 1.223973e-01
0.000000e+00 2.000000e+00 7.975609e-02
0.000000e+00 3.000000e+00 6.259211e-02
0.000000e+00 4.000000e+00 4.841136e-02
0.000000e+00 5.000000e+00 4.318403e-02
0.000000e+00 6.000000e+00 3.444223e-02
0.000000e+00 7.000000e+00 3.165269e-02
0.000000e+00 8.000000e+00 2.881603e-02
0.000000e+00 9.000000e+00 2.735154e-02
0.000000e+00 1.000000e+01 2.668910e-02
0.000000e+00 1.100000e+01 2.315198e-02
0.000000e+00 1.200000e+01 2.113988e-02
0.000000e+00 1.300000e+01 1.895227e-02
0.000000e+00 1.400000e+01 1.832750e-02
0.000000e+00 1.500000e+01 1.491575e-02
0.000000e+00 1.600000e+01 1.508821e-02
0.000000e+00 1.700000e+01 1.435589e-02
0.000000e+00 1.800000e+01 1.263448e-02
0.000000e+00 1.900000e+01 1.109968e-02
0.000000e+00 2.000000e+01 1.266708e-02
0.000000e+00 2.100000e+01 1.137182e-02
0.000000e+00 2.200000e+01 1.184478e-02
0.000000e+00 2.300000e+01 1.106182e-02
0.000000e+00 2.400000e+01 1.252145e-02
0.000000e+00 2.500000e+01 1.271193e-02
0.000000e+00 2.600000e+01 1.000046e-02
0.000000e+00 2.700000e+01 8.984250e-03
0.000000e+00 2.800000e+01 9.302084e-03
0.000000e+00 2.900000e+01 1.087620e-02
0.000000e+00 3.000000e+01 9.221669e-03
0.000000e+00 3.100000e+01 8.572545e-03
0.000000e+00 3.200000e+01 1.000048e-02
0.000000e+00 3.300000e+01 7.451957e-03
0.000000e+00 3.400000e+01 8.374471e-03
0.000000e+00 3.500000e+01 8.352670e-03
0.000000e+00 3.600000e+01 7.984872e-03
0.000000e+00 3.700000e+01 8.063344e-03
0.000000e+00 3.800000e+01 7.635777e-03
0.000000e+00 3.900000e+01 9.257679e-03
0.000000e+00 4.000000e+01 7.997778e-03
0.000000e+00 4.100000e+01 8.381458e-03
0.000000e+00 4.200000e+01 8.606887e-03
0.000000e+00 4.300000e+01 7.777814e-03
0.000000e+00 4.400000e+01 8.425330e-03
0.000000e+00 4.500000e+01 8.756365e-03
0.000000e+00 4.600000e+01 9.844180e-03
0.000000e+00 4.700000e+01 7.193759e-03
0.000000e+00 4.800000e+01 7.264319e-03
0.000000e+00 4.900000e+01 7.186407e-03
0.000000e+00 5.000000e+01 7.375011e-03
0.000000e+00 5.100000e+01 7.377060e-03
0.000000e+00 5.200000e+01 8.144145e-03
0.000000e+00 5.300000e+01 7.498478e-03
0.000000e+00 5.400000e+01 7.422233e-03
0.000000e+00 5.500000e+01 7.332124e-03
0.000000e+00 5.600000e+01 7.246066e-03
0.000000e+00 5.700000e+01 8.205011e-03
0.000000e+00 5.800000e+01 7.871321e-03
0.000000e+00 5.900000e+01 8.871297e-03
0.000000e+00 6.000000e+01 6.545100e-03
0.000000e+00 6.100000e+01 7.154260e-03
0.000000e+00 6.200000e+01 7.512274e-03
0.000000e+00 6.300000e+01 6.707417e-03
0.000000e+00 6.400000e+01 7.419698e-03
0.000000e+00 6.500000e+01 8.105334e-03
0.000000e+00 6.600000e+01 6.961919e-03
0.000000e+00 6.700000e+01 8.285713e-03
0.000000e+00 6.800000e+01 6.643063e-03
0.000000e+00 6.900000e+01 6.880697e-03
0.000000e+00 7.000000e+01 8.356189e-03
0.000000e+00 7.100000e+01 6.450808e-03
0.000000e+00 7.200000e+01 6.455321e-03
0.000000e+00 7.300000e+01 6.285480e-03
0.000000e+00 7.400000e+01 6.660040e-03
0.000000e+00 7.500000e+01 6.792498e-03
0.000000e+00 7.600000e+01 6.714722e-03
0.000000e+00 7.700000e+01 6.451563e-03
0.000000e+00 7.800000e+01 6.617781e-03
0.000000e+00 7.900000e+01 7.267350e-03
0.000000e+00 8.000000e+01 9.068172e-03
0.000000e+00 8.100000e+01 6.365855e-03
0.000000e+00 8.200000e+01 6.960819e-03
0.000000e+00 8.300000e+01 6.863156e-03
0.000000e+00 8.400000e+01 7.202304e-03
0.000000e+00 8.500000e+01 7.492916e-03
0.000000e+00 8.600000e+01 5.965841e-03
0.000000e+00 8.700000e+01 6.439211e-03
0.000000e+00 8.800000e+01 6.940059e-03
0.000000e+00 8.900000e+01 7.262651e-03
0.000000e+00 9.000000e+01 6.416645e-03
0.000000e+00 9.100000e+01 6.586632e-03
0.000000e+00 9.200000e+01 6.857154e-03
0.000000e+00 9.300000e+01 6.835394e-03
0.000000e+00 9.400000e+01 7.547172e-03
0.000000e+00 9.500000e+01 9.013371e-03
0.000000e+00 9.600000e+01 8.735113e-03
0.000000e+00 9.700000e+01 7.409142e-03
0.000000e+00 9.800000e+01 5.681551e-03
0.000000e+00 9.900000e+01 7.723922e-03
0.000000e+00 1.000000e+02 8.670599e-03
0.000000e+00 1.010000e+02 6.888317e-03
0.000000e+00 1.020000e+02 6.965368e-03
0.000000e+00 1.030000e+02 7.777444e-03
0.000000e+00 1.040000e+02 6.400201e-03
0.000000e+00 1.050000e+02 7.200366e-03
0.000000e+00 1.060000e+02 7.164804e-03
0.000000e+00 1.070000e+02 7.575466e-03
0.000000e+00 1.080000e+02 6.701857e-03
0.000000e+00 1.090000e+02 6.757881e-03
0.000000e+00 1.100000e+02 6.052920e-03
0.000000e+00 1.110000e+02 8.269533e-03
0.000000e+00 1.120000e+02 6.363266e-03
0.000000e+00 1.130000e+02 6.533800e-03
0.000000e+00 1.140000e+02 7.048864e-03
0.000000e+00 1.150000e+02 7.565121e-03
0.000000e+00 1.160000e+02 7.051056e-03
0.000000e+00 1.170000e+02 7.651536e-03
0.000000e+00 1.180000e+02 7.550699e-03
0.000000e+00 1.190000e+02 7.102676e-03
0.000000e+00 1.200000e+02 7.506712e-03
0.000000e+00 1.210000e+02 5.634015e-03
0.000000e+00 1.220000e+02 6.326498e-03
0.000000e+00 1.230000e+02 7.267879e-03
0.000000e+00 1.240000e+02 6.552794e-03
0.000000e+00 1.250000e+02 6.236686e-03
0.000000e+00 1.260000e+02 6.671503e-03
0.000000e+00 1.270000e+02 6.016800e-03
0.000000e+00 1.280000e+02 6.653690e-03
0.000000e+00 1.290000e+02 6.313907e-03
0.000000e+00 1.300000e+02 6.247152e-03
0.000000e+00 1.310000e+02 6.689919e-03
0.000000e+00 1.320000e+02 6.082935e-03
0.000000e+00 1.330000e+02 6.408960e-03
0.000000e+00 1.340000e+02 6.751185e-03
0.000000e+00 1.350000e+02 6.480085e-03
0.000000e+00 1.360000e+02 7.184142e-03
0.000000e+00 1.370000e+02 7.247813e-03
0.000000e+00 1.380000e+02 8.367823e-03
0.000000e+00 1.390000e+02 7.307250e-03
0.000000e+00 1.400000e+02 7.603746e-03
0.000000e+00 1.410000e+02 7.742625e-03
0.000000e+00 1.420000e+02 7.113913e-03
0.000000e+00 1.430000e+02 6.855421e-03
0.000000e+00 1.440000e+02 6.117720e-03
0.000000e+00 1.450000e+02 6.316579e-03
0.000000e+00 1.460000e+02 7.134117e-03
0.000000e+00 1.470000e+02 7.156540e-03
0.000000e+00 1.480000e+02 6.908900e-03
0.000000e+00 1.490000e+02 8.392558e-03
0.000000e+00 1.500000e+02 7.796896e-03
0.000000e+00 1.510000e+02 6.236592e-03
0.000000e+00 1.520000e+02 7.346023e-03
0.000000e+00 1.530000e+02 6.859412e-03
0.000000e+00 1.540000e+02 7.154335e-03
0.000000e+00 1.550000e+02 6.257184e-03
0.000000e+00 1.560000e+02 6.759475e-03
0.000000e+00 1.570000e+02 7.534569e-03
0.000000e+00 1.580000e+02 7.102369e-03
0.000000e+00 1.590000e+02 8.025742e-03
0.000000e+00 1.600000e+02 7.460218e-03
0.000000e+00 1.610000e+02 5.972814e-03
0.000000e+00 1.620000e+02 7.757540e-03
0.000000e+00 1.630000e+02 7.168185e-03
0.000000e+00 1.640000e+02 6.892495e-03
0.000000e+00 1.650000e+02 6.342558e-03
0.000000e+00 1.660000e+02 6.478379e-03
0.000000e+00 1.670000e+02 6.475814e-03
0.000000e+00 1.680000e+02 5.673752e-03
0.000000e+00 1.690000e+02 5.893028e-03
0.000000e+00 1.700000e+02 6.475773e-03
0.000000e+00 1.710000e+02 6.047555e-03
0.000000e+00 1.720000e+02 5.152497e-03
0.000000e+00 1.730000e+02 6.935599e-03
0.000000e+00 1.740000e+02 7.172927e-03
0.000000e+00 1.750000e+02 7.475776e-03
0.000000e+00 1.760000e+02 5.344534e-03
0.000000e+00 1.770000e+02 6.826445e-03
0.000000e+00 1.780000e+02 5.820250e-03
0.000000e+00 1.790000e+02 5.385702e-03
0.000000e+00 1.800000e+02 7.641666e-03
0.000000e+00 1.810000e+02 7.771097e-03
0.000000e+00 1.820000e+02 7.393011e-03
0.000000e+00 1.830000e+02 5.813336e-03
0.000000e+00 1.840000e+02 6.848056e-03
0.000000e+00 1.850000e+02 5.780483e-03
0.000000e+00 1.860000e+02 6.506104e-03
0.000000e+00 1.870000e+02 5.914798e-03
0.000000e+00 1.880000e+02 6.920800e-03
0.000000e+00 1.890000e+02 6.376922e-03
0.000000e+00 1.900000e+02 6.289086e-03
0.000000e+00 1.910000e+02 6.180380e-03
0.000000e+00 1.920000e+02 5.680332e-03
0.000000e+00 1.930000e+02 7.348312e-03
0.000000e+00 1.940000e+02 7.842939e-03
0.000000e+00 1.950000e+02 6.000074e-03
0.000000e+00 1.960000e+02 7.049404e-03
0.000000e+00 1.970000e+02 8.125627e-03
0.000000e+00 1.980000e+02 7.745803e-03
0.000000e+00 1.990000e+02 5.596286e-03
0.000000e+00 2.000000e+02 6.976513e-03
0.000000e+00 2.010000e+02 7.007830e-03
0.000000e+00 2.020000e+02 7.205330e-03
0.000000e+00 2.030000e+02 5.281800e-03
0.000000e+00 2.040000e+02 6.405960e-03
0.000000e+00 2.050000e+02 7.462273e-03
0.000000e+00 2.060000e+02 6.845987e-03
0.000000e+00 2.070000e+02 6.211616e-03
0.000000e+00 2.080000e+02 6.417894e-03
0.000000e+00 2.090000e+02 6.558878e-03
0.000000e+00 2.100000e+02 6.446416e-03
0.000000e+00 2.110000e+02 5.830350e-03
0.000000e+00 2.120000e+02 7.189479e-03
0.000000e+00 2.130000e+02 6.553466e-03
0.000000e+00 2.140000e+02 7.670525e-03
0.000000e+00 2.150000e+02 6.127054e-03
0.000000e+00 2.160000e+02 5.483633e-03
0.000000e+00 2.170000e+02 5.804844e-03
0.000000e+00 2.180000e+02 6.092500e-03
0.000000e+00 2.190000e+02 6.406196e-03
0.000000e+00 2.200000e+02 5.810425e-03
0.000000e+00 2.210000e+02 7.163119e-03
0.000000e+00 2.220000e+02 5.568907e-03
0.000000e+00 2.230000e+02 5.670900e-03
0.000000e+00 2.240000e+02 6.076757e-03
0.000000e+00 2.250000e+02 5.380239e-03
0.000000e+00 2.260000e+02 6.291633e-03
0.000000e+00 2.270000e+02 5.713515e-03
0.000000e+00 2.280000e+02 5.727886e-03
0.000000e+00 2.290000e+02 5.910954e-03
0.000000e+00 2.300000e+02 5.564893e-03
0.000000e+00 2.310000e+02 6.436030e-03
0.000000e+00 2.320000e+02 6.292412e-03
0.000000e+00 2.330000e+02 6.578900e-03
0.000000e+00 2.340000e+02 6.281282e-03
0.000000e+00 2.350000e+02 5.461595e-03
0.000000e+00 2.360000e+02 5.729591e-03
0.000000e+00 2.370000e+02 6.798241e-03
0.000000e+00 2.380000e+02 7.428167e-03
0.000000e+00 2.390000e+02 6.784445e-03
0.000000e+00 2.400000e+02 7.116753e-03
0.000000e+00 2.410000e+02 6.890612e-03
0.000000e+00 2.420000e+02 6.091782e-03
0.000000e+00 2.430000e+02 6.037618e-03
0.000000e+00 2.440000e+02 6.146971e-03
0.000000e+00 2.450000e+02 6.412413e-03
0.000000e+00 2.460000e+02 7.042289e-03
0.000000e+00 2.470000e+02 6.479811e-03
0.000000e+00 2.480000e+02 6.708884e-03
0.000000e+00 2.490000e+02 6.320269e-03
0.000000e+00 2.500000e+02 5.669875e-03
0.000000e+00 2.510000e+02 6.051503e-03
0.000000e+00 2.520000e+02 7.487355e-03
0.000000e+00 2.530000e+02 7.147093e-03
0.000000e+00 2.540000e+02 6.672042e-03
0.000000e+00 2.550000e+02 8.246726e-03
0.000000e+00 2.560000e+02 6.237615e-03
0.000000e+00 2.570000e+02 5.765758e-03
0.000000e+00 2.580000e+02 6.283734e-03
0.000000e+00 2.590000e+02 6.671019e-03
0.000000e+00 2.600000e+02 5.991665e-03
0.000000e+00 2.610000e+02 6.098642e-03
0.000000e+00 2.620000e+02 6.518505e-03
0.000000e+00 2.630000e+02 7.161130e-03
0.000000e+00 2.640000e+02 6.728711e-03
0.000000e+00 2.650000e+02 7.286422e-03
0.000000e+00 2.660000e+02 6.073678e-03
0.000000e+00 2.670000e+02 7.652541e-03
0.000000e+00 2.680000e+02 7.248885e-03
0.000000e+00 2.690000e+02 6.329876e-03
0.000000e+00 2.700000e+02 5.853720e-03
0.000000e+00 2.710000e+02 6.185487e-03
0.000000e+00 2.720000e+02 7.746103e-03
0.000000e+00 2.730000e+02 6.712453e-03
0.000000e+00 2.740000e+02 6.435443e-03
0.000000e+00 2.750000e+02 6.157958e-03
0.000000e+00 2.760000e+02 5.799070e-03
0.000000e+00 2.770000e+02 6.819559e-03
0.000000e+00 2.780000e+02 6.846700e-03
0.000000e+00 2.790000e+02 6.170732e-03
0.000000e+00 2.800000e+02 6.407430e-03
0.000000e+00 2.810000e+02 5.712942e-03
0.000000e+00 2.820000e+02 7.029392e-03
0.000000e+00 2.830000e+02 5.884029e-03
0.000000e+00 2.840000e+02 5.593604e-03
0.000000e+00 2.850000e+02 5.069372e-03
0.000000e+00 2.860000e+02 5.990933e-03
0.000000e+00 2.870000e+02 6.161964e-03
0.000000e+00 2.880000e+02 6.410442e-03
0.000000e+00 2.890000e+02 5.151598e-03
0.000000e+00 2.900000e+02 6.899581e-03
0.000000e+00 2.910000e+02 7.061335e-03
0.000000e+00 2.920000e+02 5.745756e-03
0.000000e+00 2.930000e+02 6.955632e-03
0.000000e+00 2.940000e+02 6.238963e-03
0.000000e+00 2.950000e+02 5.313306e-03
0.000000e+00 2.960000e+02 5.672344e-03
0.000000e+00 2.970000e+02 6.579641e-03
0.000000e+00 2.980000e+02 7.028388e-03
0.000000e+00 2.990000e+02 5.930492e-03
0.000000e+00 3.000000e+02 6.970087e-03
0.000000e+00 3.010000e+02 5.078600e-03
0.000000e+00 3.020000e+02 6.544811e-03
0.000000e+00 3.030000e+02 4.891753e-03
0.000000e+00 3.040000e+02 5.979835e-03
0.000000e+00 3.050000e+02 5.903655e-03
0.000000e+00 3.060000e+02 6.257132e-03
0.000000e+00 3.070000e+02 5.818975e-03
0.000000e+00 3.080000e+02 5.938862e-03
0.000000e+00 3.090000e+02 5.825033e-03
0.000000e+00 3.100000e+02 6.291125e-03
0.000000e+00 3.110000e+02 5.864528e-03
0.000000e+00 3.120000e+02 6.287166e-03
0.000000e+00 3.130000e+02 8.852513e-03
0.000000e+00 3.140000e+02 6.288850e-03
0.000000e+00 3.150000e+02 6.326982e-03
0.000000e+00 3.160000e+02 5.578570e-03
0.000000e+00 3.170000e+02 5.943297e-03
0.000000e+00 3.180000e+02 5.869065e-03
0.000000e+00 3.190000e+02 6.070691e-03
0.000000e+00 3.200000e+02 7.268820e-03
0.000000e+00 3.210000e+02 5.962969e-03
0.000000e+00 3.220000e+02 5.505002e-03
0.000000e+00 3.230000e+02 6.249826e-03
0.000000e+00 3.240000e+02 5.972004e-03
0.000000e+00 3.250000e+02 6.683094e-03
0.000000e+00 3.260000e+02 6.270573e-03
0.000000e+00 3.270000e+02 5.384688e-03
0.000000e+00 3.280000e+02 5.820514e-03
0.000000e+00 3.290000e+02 6.471142e-03
0.000000e+00 3.300000e+02 6.131990e-03
0.000000e+00 3.310000e+02 7.592887e-03
0.000000e+00 3.320000e+02 6.650466e-03
0.000000e+00 3.330000e+02 6.248962e-03
0.000000e+00 3.340000e+02 6.165477e-03
0.000000e+00 3.350000e+02 5.064098e-03
0.000000e+00 3.360000e+02 5.774653e-03
0.000000e+00 3.370000e+02 4.562987e-03
0.000000e+00 3.380000e+02 5.813653e-03
0.000000e+00 3.390000e+02 6.969096e-03
0.000000e+00 3.400000e+02 7.821183e-03
0.000000e+00 3.410000e+02 5.198767e-03
0.000000e+00 3.420000e+02 6.968424e-03
0.000000e+00 3.430000e+02 5.180624e-03
0.000000e+00 3.440000e+02 5.906644e-03
0.000000e+00 3.450000e+02 6.425036e-03
0.000000e+00 3.460000e+02 7.093141e-03
0.000000e+00 3.470000e+02 7.429024e-03
0.000000e+00 3.480000e+02 5.705596e-03
0.000000e+00 3.490000e+02 5.991173e-03
0.000000e+00 3.500000e+02 6.814974e-03
0.000000e+00 3.510000e+02 6.229078e-03
0.000000e+00 3.520000e+02 6.091075e-03
0.000000e+00 3.530000e+02 5.928789e-03
0.000000e+00 3.540000e+02 5.485015e-03
0.000000e+00 3.550000e+02 5.896777e-03
0.000000e+00 3.560000e+02 6.014645e-03
0.000000e+00 3.570000e+02 5.934764e-03
0.000000e+00 3.580000e+02 5.701645e-03
0.000000e+00 3.590000e+02 6.018942e-03
0.000000e+00 3.600000e+02 5.590782e-03
0.000000e+00 3.610000e+02 7.039860e-03
0.000000e+00 3.620000e+02 5.825756e-03
0.000000e+00 3.630000e+02 5.572529e-03
0.000000e+00 3.640000e+02 5.665123e-03
0.000000e+00 3.650000e+02 6.944377e-03
0.000000e+00 3.660000e+02 6.925961e-03
0.000000e+00 3.670000e+02 6.136719e-03
0.000000e+00 3.680000e+02 5.770203e-03
0.000000e+00 3.690000e+02 5.699330e-03
0.000000e+00 3.700000e+02 5.691835e-03
0.000000e+00 3.710000e+02 6.441385e-03
0.000000e+00 3.720000e+02 6.708859e-03
0.000000e+00 3.730000e+02 7.290295e-03
0.000000e+00 3.740000e+02 6.539840e-03
0.000000e+00 3.750000e+02 6.354715e-03
0.000000e+00 3.760000e+02 5.570977e-03
0.000000e+00 3.770000e+02 5.603446e-03
0.000000e+00 3.780000e+02 5.749280e-03
0.000000e+00 3.790000e+02 6.429389e-03
0.000000e+00 3.800000e+02 5.686944e-03
0.000000e+00 3.810000e+02 6.028287e-03
0.000000e+00 3.820000e+02 5.586677e-03
0.000000e+00 3.830000e+02 6.534444e-03
0.000000e+00 3.840000e+02 6.665092e-03
0.000000e+00 3.850000e+02 6.717455e-03
0.000000e+00 3.860000e+02 6.346054e-03
0.000000e+00 3.870000e+02 7.186331e-03
0.000000e+00 3.880000e+02 6.531181e-03
0.000000e+00 3.890000e+02 6.228216e-03
0.000000e+00 3.900000e+02 5.870589e-03
1.000000e+00 0.000000e+00 5.517773e-03
1.000000e+00 1.000000e+00 6.369807e-03
1.000000e+00 2.000000e+00 6.407192e-03
1.000000e+00 3.000000e+00 5.338775e-03
1.000000e+00 4.000000e+00 6.407026e-03
1.000000e+00 5.000000e+00 6.184291e-03
1.000000e+00 6.000000e+00 6.391518e-03
1.000000e+00 7.000000e+00 5.575696e-03
1.000000e+00 8.000000e+00 5.785084e-03
1.000000e+00 9.000000e+00 6.386222e-03
1.000000e+00 1.000000e+01 6.084805e-03
1.000000e+00 1.100000e+01 6.811936e-03
1.000000e+00 1.200000e+01 5.891167e-03
1.000000e+00 1.300000e+01 6.397942e-03
1.000000e+00 1.400000e+01 6.147011e-03
1.000000e+00 1.500000e+01 5.715001e-03
1.000000e+00 1.600000e+01 5.587107e-03
1.000000e+00 1.700000e+01 7.519947e-03
1.000000e+00 1.800000e+01 5.836342e-03
1.000000e+00 1.900000e+01 4.882960e-03
1.000000e+00 2.000000e+01 7.069775e-03
1.000000e+00 2.100000e+01 6.541098e-03
1.000000e+00 2.200000e+01 5.427055e-03
1.000000e+00 2.300000e+01 5.263617e-03
1.000000e+00 2.400000e+01 5.822852e-03
1.000000e+00 2.500000e+01 4.702944e-03
1.000000e+00 2.600000e+01 6.535398e-03
1.000000e+00 2.700000e+01 5.628228e-03
1.000000e+00 2.800000e+01 5.927310e-03
1.000000e+00 2.900000e+01 5.232308e-03
1.000000e+00 3.000000e+01 5.150649e-03
1.000000e+00 3.100000e+01 5.607609e-03
1.000000e+00 3.200000e+01 6.211943e-03
1.000000e+00 3.300000e+01 5.682119e-03
1.000000e+00 3.400000e+01 6.722408e-03
1.000000e+00 3.500000e+01 6.005822e-03
1.000000e+00 3.600000e+01 6.875878e-03
1.000000e+00 3.700000e+01 6.033979e-03
1.000000e+00 3.800000e+01 6.019393e-03
1.000000e+00 3.900000e+01 5.597529e-03
1.000000e+00 4.000000e+01 5.796718e-03
1.000000e+00 4.100000e+01 5.437866e-03
1.000000e+00 4.200000e+01 6.429748e-03
1.000000e+00 4.300000e+01 6.106113e-03
1.000000e+00 4.400000e+01 6.207692e-03
1.000000e+00 4.500000e+01 5.954735e-03
1.000000e+00 4.600000e+01 6.367439e-03
1.000000e+00 4.700000e+01 5.472295e-03
1.000000e+00 4.800000e+01 6.300680e-03
1.000000e+00 4.900000e+01 6.190743e-03
1.000000e+00 5.000000e+01 5.265164e-03
1.000000e+00 5.100000e+01 6.418476e-03
1.000000e+00 5.200000e+01 5.349358e-03
1.000000e+00 5.300000e+01 5.785899e-03
1.000000e+00 5.400000e+01 6.513494e-03
1.000000e+00 5.500000e+01 5.187303e-03
1.000000e+00 5.600000e+01 6.306339e-03
1.000000e+00 5.700000e+01 6.148265e-03
1.000000e+00 5.800000e+01 6.935507e-03
1.000000e+00 5.900000e+01 6.001197e-03
1.000000e+00 6.000000e+01 5.496705e-03
1.000000e+00 6.100000e+01 5.771341e-03
1.000000e+00 6.200000e+01 5.696946e-03
1.000000e+00 6.300000e+01 5.408440e-03
1.000000e+00 6.400000e+01 5.794475e-03
1.000000e+00 6.500000e+01 6.089229e-03
1.000000e+00 6.600000e+01 5.824223e-03
1.000000e+00 6.700000e+01 7.404559e-03
1.000000e+00 6.800000e+01 5.305942e-03
1.000000e+00 6.900000e+01 7.334499e-03
1.000000e+00 7.000000e+01 5.878421e-03
1.000000e+00 7.100000e+01 6.180552e-03
1.000000e+00 7.200000e+01 6.435793e-03
1.000000e+00 7.300000e+01 5.703063e-03
1.000000e+00 7.400000e+01 5.199427e-03
1.000000e+00 7.500000e+01 5.861292e-03
1.000000e+00 7.600000e+01 6.156713e-03
1.000000e+00 7.700000e+01 5.558329e-03
1.000000e+00 7.800000e+01 4.999919e-03
1.000000e+00 7.900000e+01 4.956469e-03
1.000000e+00 8.000000e+01 6.541931e-03
1.000000e+00 8.100000e+01 6.748078e-03
1.000000e+00 8.200000e+01 5.079900e-03
1.000000e+00 8.300000e+01 5.900087e-03
1.000000e+00 8.400000e+01 5.853798e-03
1.000000e+00 8.500000e+01 4.608877e-03
1.000000e+00 8.600000e+01 5.941987e-03
1.000000e+00 8.700000e+01 5.532292e-03
1.000000e+00 8.800000e+01 5.797667e-03
1.000000e+00 8.900000e+01 4.076381e-03
1.000000e+00 9.000000e+01 6.157892e-03
1.000000e+00 9.100000e+01 5.595712e-03
1.000000e+00 9.200000e+01 5.565570e-03
1.000000e+00 9.300000e+01 5.236498e-03
1.000000e+00 9.400000e+01 5.552966e-03
1.000000e+00 9.500000e+01 5.707884e-03
1.000000e+00 9.600000e+01 5.198595e-03
1.000000e+00 9.700000e+01 4.910281e-03
1.000000e+00 9.800000e+01 5.844684e-03
1.000000e+00 9.900000e+01 5.670282e-03
1.000000e+00 1.000000e+02 6.164342e-03
1.000000e+00 1.010000e+02 6.313036e-03
1.000000e+00 1.020000e+02 4.957831e-03
1.000000e+00 1.030000e+02 7.351345e-03
1.000000e+00 1.040000e+02 6.116989e-03
1.000000e+00 1.050000e+02 5.563987e-03
1.000000e+00 1.060000e+02 6.890789e-03
1.000000e+00 1.070000e+02 5.567584e-03
1.000000e+00 1.080000e+02 6.713463e-03
1.000000e+00 1.090000e+02 4.981929e-03
1.000000e+00 1.100000e+02 5.138900e-03
1.000000e+00 1.110000e+02 6.457471e-03
1.000000e+00 1.120000e+02 5.582582e-03
1.000000e+00 1.130000e+02 6.296061e-03
1.000000e+00 1.140000e+02 6.075196e-03
1.000000e+00 1.150000e+02 5.938441e-03
1.000000e+00 1.160000e+02 6.404920e-03
1.000000e+00 1.170000e+02 5.386699e-03
1.000000e+00 1.180000e+02 5.115435e-03
1.000000e+00 1.190000e+02 5.280515e-03
1.000000e+00 1.200000e+02 6.252893e-03
1.000000e+00 1.210000e+02 6.045572e-03
1.000000e+00 1.220000e+02 6.062545e-03
1.000000e+00 1.230000e+02 5.788398e-03
1.000000e+00 1.240000e+02 5.687032e-03
1.000000e+00 1.250000e+02 5.467986e-03
1.000000e+00 1.260000e+02 5.637870e-03
1.000000e+00 1.270000e+02 4.694608e-03
1.000000e+00 1.280000e+02 4.890580e-03
1.000000e+00 1.290000e+02 5.801346e-03
1.000000e+00 1.300000e+02 5.751193e-03
1.000000e+00 1.310000e+02 5.796900e-03
1.000000e+00 1.320000e+02 6.094128e-03
1.000000e+00 1.330000e+02 6.846155e-03
1.000000e+00 1.340000e+02 6.395000e-03
1.000000e+00 1.350000e+02 6.439046e-03
1.000000e+00 1.360000e+02 5.273488e-03
1.000000e+00 1.370000e+02 5.161976e-03
1.000000e+00 1.380000e+02 6.967640e-03
1.000000e+00 1.390000e+02 5.015560e-03
1.000000e+00 1.400000e+02 5.649159e-03
1.000000e+00 1.410000e+02 6.073160e-03
1.000000e+00 1.420000e+02 5.874228e-03
1.000000e+00 1.430000e+02 7.176755e-03
1.000000e+00 1.440000e+02 4.081024e-03
1.000000e+00 1.450000e+02 4.526600e-03
1.000000e+00 1.460000e+02 6.127000e-03
1.000000e+00 1.470000e+02 6.060578e-03
1.000000e+00 1.480000e+02 5.033437e-03
1.000000e+00 1.490000e+02 5.564280e-03
1.000000e+00 1.500000e+02 5.420370e-03
1.000000e+00 1.510000e+02 4.534767e-03
1.000000e+00 1.520000e+02 6.669514e-03
1.000000e+00 1.530000e+02 6.178753e-03
1.000000e+00 1.540000e+02 5.755539e-03
1.000000e+00 1.550000e+02 6.345762e-03
1.000000e+00 1.560000e+02 6.787125e-03
1.000000e+00 1.570000e+02 6.013682e-03
1.000000e+00 1.580000e+02 5.868706e-03
1.000000e+00 1.590000e+02 6.016215e-03
1.000000e+00 1.600000e+02 5.045537e-03
1.000000e+00 1.610000e+02 5.855702e-03
1.000000e+00 1.620000e+02 7.500133e-03
1.000000e+00 1.630000e+02 6.429367e-03
1.000000e+00 1.640000e+02 5.576978e-03
1.000000e+00 1.650000e+02 4.890125e-03
1.000000e+00 1.660000e+02 6.082311e-03
1.000000e+00 1.670000e+02 5.363668e-03
1.000000e+00 1.680000e+02 6.139677e-03
1.000000e+00 1.690000e+02 6.522772e-03
1.000000e+00 1.700000e+02 5.347120e-03
1.000000e+00 1.710000e+02 6.305283e-03
1.000000e+00 1.720000e+02 6.623490e-03
1.000000e+00 1.730000e+02 5.835941e-03
1.000000e+00 1.740000e+02 5.734287e-03
1.000000e+00 1.750000e+02 6.936680e-03
1.000000e+00 1.760000e+02 5.334063e-03
1.000000e+00 1.770000e+02 6.376544e-03
1.000000e+00 1.780000e+02 5.230838e-03
1.000000e+00 1.790000e+02 4.841997e-03
1.000000e+00 1.800000e+02 6.280402e-03
1.000000e+00 1.810000e+02 5.953332e-03
1.000000e+00 1.820000e+02 5.764485e-03
1.000000e+00 1.830000e+02 4.903461e-03
1.000000e+00 1.840000e+02 4.720479e-03
1.000000e+00 1.850000e+02 4.824824e-03
1.000000e+00 1.860000e+02 6.016845e-03
1.000000e+00 1.870000e+02 5.584372e-03
1.000000e+00 1.880000e+02 6.588076e-03
1.000000e+00 1.890000e+02 5.650350e-03
1.000000e+00 1.900000e+02 5.989683e-03
1.000000e+00 1.910000e+02 5.796695e-03
1.000000e+00 1.920000e+02 5.248642e-03
1.000000e+00 1.930000e+02 5.167104e-03
1.000000e+00 1.940000e+02 6.363293e-03
1.000000e+00 1.950000e+02 6.644059e-03
1.000000e+00 1.960000e+02 6.764042e-03
1.000000e+00 1.970000e+02 5.444828e-03
1.000000e+00 1.980000e+02 5.742982e-03
1.000000e+00 1.990000e+02 5.077614e-03
1.000000e+00 2.000000e+02 5.975727e-03
1.000000e+00 2.010000e+02 5.714630e-03
1.000000e+00 2.020000e+02 5.808609e-03
1.000000e+00 2.030000e+02 5.711441e-03
1.000000e+00 2.040000e+02 5.012857e-03
1.000000e+00 2.050000e+02 5.968543e-03
1.000000e+00 2.060000e+02 5.675329e-03
1.000000e+00 2.070000e+02 5.342670e-03
1.000000e+00 2.080000e+02 5.345480e-03
1.000000e+00 2.090000e+02 5.166577e-03
1.000000e+00 2.100000e+02 5.471529e-03
1.000000e+00 2.110000e+02 6.482163e-03
1.000000e+00 2.120000e+02 6.373743e-03
1.000000e+00 2.130000e+02 4.930194e-03
1.000000e+00 2.140000e+02 5.871329e-03
1.000000e+00 2.150000e+02 5.661238e-03
1.000000e+00 2.160000e+02 6.008504e-03
1.000000e+00 2.170000e+02 6.274570e-03
1.000000e+00 2.180000e+02 4.755441e-03
1.000000e+00 2.190000e+02 5.911062e-03
1.000000e+00 2.200000e+02 4.873784e-03
1.000000e+00 2.210000e+02 5.875269e-03
1.000000e+00 2.220000e+02 6.096481e-03
1.000000e+00 2.230000e+02 4.766794e-03
1.000000e+00 2.240000e+02 5.766373e-03
1.000000e+00 2.250000e+02 6.261757e-03
1.000000e+00 2.260000e+02 6.512147e-03
1.000000e+00 2.270000e+02 6.604350e-03
1.000000e+00 2.280000e+02 4.905756e-03
1.000000e+00 2.290000e+02 5.777451e-03
1.000000e+00 2.300000e+02 6.338544e-03
1.000000e+00 2.310000e+02 5.201701e-03
1.000000e+00 2.320000e+02 5.809796e-03
1.000000e+00 2.330000e+02 7.091168e-03
1.000000e+00 2.340000e+02 5.698276e-03
1.000000e+00 2.350000e+02 4.854737e-03
1.000000e+00 2.360000e+02 5.628521e-03
1.000000e+00 2.370000e+02 4.784177e-03
1.000000e+00 2.380000e+02 5.297959e-03
1.000000e+00 2.390000e+02 5.115401e-03
1.000000e+00 2.400000e+02 4.977222e-03
1.000000e+00 2.410000e+02 6.081116e-03
1.000000e+00 2.420000e+02 4.956320e-03
1.000000e+00 2.430000e+02 6.297415e-03
1.000000e+00 2.440000e+02 5.522717e-03
1.000000e+00 2.450000e+02 4.733813e-03
1.000000e+00 2.460000e+02 6.195871e-03
1.000000e+00 2.470000e+02 7.157961e-03
1.000000e+00 2.480000e+02 6.185877e-03
1.000000e+00 2.490000e+02 5.446159e-03
1.000000e+00 2.500000e+02 6.548908e-03
1.000000e+00 2.510000e+02 6.134925e-03
1.000000e+00 2.520000e+02 6.588554e-03
1.000000e+00 2.530000e+02 5.876314e-03
1.000000e+00 2.540000e+02 5.498715e-03
1.000000e+00 2.550000e+02 5.353386e-03
1.000000e+00 2.560000e+02 5.763423e-03
1.000000e+00 2.570000e+02 6.476732e-03
1.000000e+00 2.580000e+02 6.661139e-03
1.000000e+00 2.590000e+02 6.284834e-03
1.000000e+00 2.600000e+02 6.101789e-03
1.000000e+00 2.610000e+02 5.028579e-03
1.000000e+00 2.620000e+02 5.728334e-03
1.000000e+00 2.630000e+02 5.536348e-03
1.000000e+00 2.640000e+02 5.205247e-03
1.000000e+00 2.650000e+02 5.243334e-03
1.000000e+00 2.660000e+02 5.535121e-03
1.000000e+00 2.670000e+02 5.524144e-03
1.000000e+00 2.680000e+02 4.293356e-03
1.000000e+00 2.690000e+02 5.105556e-03
1.000000e+00 2.700000e+02 5.342301e-03
1.000000e+00 2.710000e+02 6.866129e-03
1.000000e+00 2.720000e+02 6.520765e-03
1.000000e+00 2.730000e+02 6.310917e-03
1.000000e+00 2.740000e+02 5.472165e-03
1.000000e+00 2.750000e+02 4.661934e-03
1.000000e+00 2.760000e+02 6.011536e-03
1.000000e+00 2.770000e+02 6.127916e-03
1.000000e+00 2.780000e+02 4.563812e-03
1.000000e+00 2.790000e+02 6.627500e-03
1.000000e+00 2.800000e+02 6.995293e-03
1.000000e+00 2.810000e+02 6.096365e-03
1.000000e+00 2.820000e+02 8.005641e-03
1.000000e+00 2.830000e+02 6.858228e-03
1.000000e+00 2.840000e+02 5.695397e-03
1.000000e+00 2.850000e+02 4.541120e-03
1.000000e+00 2.860000e+02 4.870763e-03
1.000000e+00 2.870000e+02 5.523903e-03
1.000000e+00 2.880000e+02 6.445276e-03
1.000000e+00 2.890000e+02 4.882202e-03
1.000000e+00 2.900000e+02 5.502572e-03
1.000000e+00 2.910000e+02 4.933660e-03
1.000000e+00 2.920000e+02 4.851649e-03
1.000000e+00 2.930000e+02 6.717550e-03
1.000000e+00 2.940000e+02 5.716667e-03
1.000000e+00 2.950000e+02 5.399374e-03
1.000000e+00 2.960000e+02 5.180841e-03
1.000000e+00 2.970000e+02 6.263666e-03
1.000000e+00 2.980000e+02 4.909475e-03
1.000000e+00 2.990000e+02 6.053893e-03
1.000000e+00 3.000000e+02 5.271310e-03
1.000000e+00 3.010000e+02 6.038250e-03
1.000000e+00 3.020000e+02 4.973802e-03
1.000000e+00 3.030000e+02 5.445322e-03
1.000000e+00 3.040000e+02 4.935901e-03
1.000000e+00 3.050000e+02 5.585284e-03
1.000000e+00 3.060000e+02 5.675364e-03
1.000000e+00 3.070000e+02 6.591426e-03
1.000000e+00 3.080000e+02 5.192242e-03
1.000000e+00 3.090000e+02 5.540591e-03
1.000000e+00 3.100000e+02 5.838878e-03
1.000000e+00 3.110000e+02 5.392641e-03
1.000000e+00 3.120000e+02 6.522432e-03
1.000000e+00 3.130000e+02 5.482511e-03
1.000000e+00 3.140000e+02 6.194893e-03
1.000000e+00 3.150000e+02 4.816969e-03
1.000000e+00 3.160000e+02 5.221897e-03
1.000000e+00 3.170000e+02 5.933756e-03
1.000000e+00 3.180000e+02 5.336950e-03
1.000000e+00 3.190000e+02 4.422167e-03
1.000000e+00 3.200000e+02 4.861275e-03
1.000000e+00 3.210000e+02 7.157707e-03
1.000000e+00 3.220000e+02 5.722397e-03
1.000000e+00 3.230000e+02 5.938016e-03
1.000000e+00 3.240000e+02 4.858536e-03
1.000000e+00 3.250000e+02 5.200062e-03
1.000000e+00 3.260000e+02 6.345419e-03
1.000000e+00 3.270000e+02 5.569242e-03
1.000000e+00 3.280000e+02 5.445568e-03
1.000000e+00 3.290000e+02 5.523635e-03
1.000000e+00 3.300000e+02 4.732830e-03
1.000000e+00 3.310000e+02 5.534085e-03
1.000000e+00 3.320000e+02 5.689953e-03
1.000000e+00 3.330000e+02 6.224676e-03
1.000000e+00 3.340000e+02 5.708024e-03
1.000000e+00 3.350000e+02 4.553098e-03
1.000000e+00 3.360000e+02 5.707223e-03
1.000000e+00 3.370000e+02 4.679269e-03
1.000000e+00 3.380000e+02 5.818802e-03
1.000000e+00 3.390000e+02 4.880485e-03
1.000000e+00 3.400000e+02 5.834954e-03
1.000000e+00 3.410000e+02 6.068438e-03
1.000000e+00 3.420000e+02 5.488547e-03
1.000000e+00 3.430000e+02 5.234344e-03
1.000000e+00 3.440000e+02 4.701345e-03
1.000000e+00 3.450000e+02 5.089790e-03
1.000000e+00 3.460000e+02 4.921460e-03
1.000000e+00 3.470000e+02 5.219873e-03
1.000000e+00 3.480000e+02 5.687833e-03
1.000000e+00 3.490000e+02 5.932141e-03
1.000000e+00 3.500000e+02 6.957486e-03
1.000000e+00 3.510000e+02 5.336113e-03
1.000000e+00 3.520000e+02 6.675293e-03
1.000000e+00 3.530000e+02 6.823094e-03
1.000000e+00 3.540000e+02 5.713869e-03
1.000000e+00 3.550000e+02 5.289559e-03
1.000000e+00 3.560000e+02 5.713437e-03
1.000000e+00 3.570000e+02 5.315433e-03
1.000000e+00 3.580000e+02 6.083932e-03
1.000000e+00 3.590000e+02 7.129353e-03
1.000000e+00 3.600000e+02 6.050970e-03
1.000000e+00 3.610000e+02 5.831167e-03
1.000000e+00 3.620000e+02 4.895051e-03
1.000000e+00 3.630000e+02 5.599137e-03
1.000000e+00 3.640000e+02 5.773124e-03
1.000000e+00 3.650000e+02 4.831467e-03
1.000000e+00 3.660000e+02 5.784574e-03
1.000000e+00 3.670000e+02 6.164820e-03
1.000000e+00 3.680000e+02 4.368044e-03
1.000000e+00 3.690000e+02 5.216909e-03
1.000000e+00 3.700000e+02 6.741496e-03
1.000000e+00 3.710000e+02 6.115135e-03
1.000000e+00 3.720000e+02 5.008117e-03
1.000000e+00 3.730000e+02 5.626084e-03
1.000000e+00 3.740000e+02 4.957025e-03
1.000000e+00 3.750000e+02 5.205859e-03
1.000000e+00 3.760000e+02 6.278859e-03
1.000000e+00 3.770000e+02 5.263520e-03
1.000000e+00 3.780000e+02 6.853480e-03
1.000000e+00 3.790000e+02 4.907486e-03
1.000000e+00 3.800000e+02 4.867249e-03
1.000000e+00 3.810000e+02 5.387277e-03
1.000000e+00 3.820000e+02 5.002614e-03
1.000000e+00 3.830000e+02 5.147645e-03
1.000000e+00 3.840000e+02 5.775101e-03
1.000000e+00 3.850000e+02 4.666395e-03
1.000000e+00 3.860000e+02 5.622410e-03
1.000000e+00 3.870000e+02 5.204268e-03
1.000000e+00 3.880000e+02 5.581411e-03
1.000000e+00 3.890000e+02 5.219489e-03
1.000000e+00 3.900000e+02 5.301105e-03
2.000000e+00 0.000000e+00 4.927002e-03
2.000000e+00 1.000000e+00 4.647121e-03
2.000000e+00 2.000000e+00 6.012233e-03
2.000000e+00 3.000000e+00 6.029253e-03
2.000000e+00 4.000000e+00 6.455126e-03
2.000000e+00 5.000000e+00 5.051338e-03
2.000000e+00 6.000000e+00 5.872267e-03
2.000000e+00 7.000000e+00 5.032469e-03
2.000000e+00 8.000000e+00 5.390606e-03
2.000000e+00 9.000000e+00 5.331773e-03
2.000000e+00 1.000000e+01 5.857403e-03
2.000000e+00 1.100000e+01 4.749731e-03
2.000000e+00 1.200000e+01 4.836797e-03
2.000000e+00 1.300000e+01 5.245938e-03
2.000000e+00 1.400000e+01 5.163635e-03
2.000000e+00 1.500000e+01 5.762255e-03
2.000000e+00 1.600000e+01 4.412052e-03
2.000000e+00 1.700000e+01 6.312929e-03
2.000000e+00 1.800000e+01 5.394616e-03
2.000000e+00 1.900000e+01 5.398298e-03
2.000000e+00 2.000000e+01 4.692782e-03
2.000000e+00 2.100000e+01 5.981216e-03
2.000000e+00 2.200000e+01 5.200394e-03
2.000000e+00 2.300000e+01 5.359606e-03
2.000000e+00 2.400000e+01 4.817959e-03
2.000000e+00 2.500000e+01 6.309518e-03
2.000000e+00 2.600000e+01 6.997980e-03
2.000000e+00 2.700000e+01 5.854142e-03
2.000000e+00 2.800000e+01 6.117379e-03
2.000000e+00 2.900000e+01 4.560443e-03
2.000000e+00 3.000000e+01 5.036452e-03
2.000000e+00 3.100000e+01 6.233473e-03
2.000000e+00 3.200000e+01 7.010700e-03
2.000000e+00 3.300000e+01 4.987795e-03
2.000000e+00 3.400000e+01 6.797282e-03
2.000000e+00 3.500000e+01 5.281109e-03
2.000000e+00 3.600000e+01 4.821332e-03
2.000000e+00 3.700000e+01 5.359199e-03
2.000000e+00 3.800000e+01 5.405405e-03
2.000000e+00 3.900000e+01 5.282146e-03
2.000000e+00 4.000000e+01 6.163507e-03
2.000000e+00 4.100000e+01 5.500064e-03
2.000000e+00 4.200000e+01 4.663907e-03
2.000000e+00 4.300000e+01 5.370405e-03
2.000000e+00 4.400000e+01 5.477633e-03
2.000000e+00 4.500000e+01 5.033309e-03
2.000000e+00 4.600000e+01 5.464946e-03
2.000000e+00 4.700000e+01 4.947918e-03
2.000000e+00 4.800000e+01 6.128354e-03
2.000000e+00 4.900000e+01 4.665774e-03
2.000000e+00 5.000000e+01 5.686652e-03
2.000000e+00 5.100000e+01 4.358387e-03
2.000000e+00 5.200000e+01 5.354293e-03
2.000000e+00 5.300000e+01 5.822865e-03
2.000000e+00 5.400000e+01 5.758567e-03
2.000000e+00 5.500000e+01 5.739471e-03
2.000000e+00 5.600000e+01 5.267214e-03
2.000000e+00 5.700000e+01 5.470181e-03
2.000000e+00 5.800000e+01 6.388959e-03
2.000000e+00 5.900000e+01 5.274154e-03
2.000000e+00 6.000000e+01 6.914478e-03
2.000000e+00 6.100000e+01 4.794803e-03
2.000000e+00 6.200000e+01 5.058467e-03
2.000000e+00 6.300000e+01 4.642387e-03
2.000000e+00 6.400000e+01 5.339524e-03
2.000000e+00 6.500000e+01 4.894681e-03
2.000000e+00 6.600000e+01 5.255206e-03
2.000000e+00 6.700000e+01 6.127870e-03
2.000000e+00 6.800000e+01 5.181726e-03
2.000000e+00 6.900000e+01 5.588945e-03
2.000000e+00 7.000000e+01 6.059151e-03
2.000000e+00 7.100000e+01 5.958087e-03
2.000000e+00 7.200000e+01 4.957187e-03
2.000000e+00 7.300000e+01 5.145524e-03
2.000000e+00 7.400000e+01 5.608165e-03
2.000000e+00 7.500000e+01 5.566913e-03
2.000000e+00 7.600000e+01 6.726516e-03
2.000000e+00 7.700000e+01 5.495594e-03
2.000000e+00 7.800000e+01 6.062006e-03
2.000000e+00 7.900000e+01 5.668907e-03
2.000000e+00 8.000000e+01 5.090479e-03
2.000000e+00 8.100000e+01 4.986736e-03
2.000000e+00 8.200000e+01 5.065178e-03
2.000000e+00 8.300000e+01 6.342006e-03
2.000000e+00 8.400000e+01 4.623185e-03
2.000000e+00 8.500000e+01 7.266382e-03
2.000000e+00 8.600000e+01 5.896717e-03
2.000000e+00 8.700000e+01 5.691912e-03
2.000000e+00 8.800000e+01 4.995346e-03
2.000000e+00 8.900000e+01 5.791570e-03
2.000000e+00 9.000000e+01 4.483948e-03
2.000000e+00 9.100000e+01 4.836505e-03
2.000000e+00 9.200000e+01 6.370102e-03
2.000000e+00 9.300000e+01 6.031843e-03
2.000000e+00 9.400000e+01 5.294649e-03
2.000000e+00 9.500000e+01 5.506645e-03
2.000000e+00 9.600000e+01 5.843282e-03
2.000000e+00 9.700000e+01 5.415420e-03
2.000000e+00 9.800000e+01 4.602151e-03
2.000000e+00 9.900000e+01 5.244415e-03
2.000000e+00 1.000000e+02 6.700252e-03
2.000000e+00 1.010000e+02 5.183585e-03
2.000000e+00 1.020000e+02 5.368332e-03
2.000000e+00 1.030000e+02 5.249977e-03
2.000000e+00 1.040000e+02 5.699595e-03
2.000000e+00 1.050000e+02 4.370721e-03
2.000000e+00 1.060000e+02 5.165047e-03
2.000000e+00 1.070000e+02 5.136896e-03
2.000000e+00 1.080000e+02 4.765574e-03
2.000000e+00 1.090000e+02 5.642582e-03
2.000000e+00 1.100000e+02 4.748816e-03
2.000000e+00 1.110000e+02 4.572217e-03
2.000000e+00 1.120000e+02 5.649178e-03
2.000000e+00 1.130000e+02 4.632385e-03
2.000000e+00 1.140000e+02 6.065542e-03
2.000000e+00 1.150000e+02 5.965370e-03
2.000000e+00 1.160000e+02 4.779003e-03
2.000000e+00 1.170000e+02 6.059481e-03
2.000000e+00 1.180000e+02 5.486328e-03
2.000000e+00 1.190000e+02 6.168514e-03
2.000000e+00 1.200000e+02 4.550437e-03
2.000000e+00 1.210000e+02 5.577667e-03
2.000000e+00 1.220000e+02 5.054373e-03
2.000000e+00 1.230000e+02 5.524509e-03
2.000000e+00 1.240000e+02 4.585992e-03
2.000000e+00 1.250000e+02 5.150936e-03
2.000000e+00 1.260000e+02 4.880380e-03
2.000000e+00 1.270000e+02 5.167504e-03
2.000000e+00 1.280000e+02 5.670955e-03
2.000000e+00 1.290000e+02 4.772167e-03
2.000000e+00 1.300000e+02 6.289196e-03
2.000000e+00 1.310000e+02 5.867860e-03
2.000000e+00 1.320000e+02 5.950562e-03
2.000000e+00 1.330000e+02 5.179629e-03
2.000000e+00 1.340000e+02 4.902728e-03
2.000000e+00 1.350000e+02 5.722534e-03
2.000000e+00 1.360000e+02 5.028470e-03
2.000000e+00 1.370000e+02 5.675128e-03
2.000000e+00 1.380000e+02 6.363452e-03
2.000000e+00 1.390000e+02 4.615216e-03
2.000000e+00 1.400000e+02 5.298329e-03
2.000000e+00 1.410000e+02 5.672657e-03
2.000000e+00 1.420000e+02 6.086545e-03
2.000000e+00 1.430000e+02 7.322744e-03
2.000000e+00 1.440000e+02 5.450314e-03
2.000000e+00 1.450000e+02 5.672209e-03
2.000000e+00 1.460000e+02 5.856706e-03
2.000000e+00 1.470000e+02 6.822519e-03
2.000000e+00 1.480000e+02 5.259173e-03
2.000000e+00 1.490000e+02 5.000999e-03
2.000000e+00 1.500000e+02 5.963621e-03
2.000000e+00 1.510000e+02 5.763907e-03
2.000000e+00 1.520000e+02 4.908498e-03
2.000000e+00 1.530000e+02 5.156074e-03
2.000000e+00 1.540000e+02 4.290403e-03
2.000000e+00 1.550000e+02 5.892925e-03
2.000000e+00 1.560000e+02 4.914748e-03
2.000000e+00 1.570000e+02 4.817390e-03
2.000000e+00 1.580000e+02 4.813787e-03
2.000000e+00 1.590000e+02 4.873086e-03
2.000000e+00 1.600000e+02 5.806162e-03
2.000000e+00 1.610000e+02 5.105227e-03
2.000000e+00 1.620000e+02 5.906329e-03
2.000000e+00 1.630000e+02 4.963210e-03
2.000000e+00 1.640000e+02 4.775254e-03
2.000000e+00 1.650000e+02 6.157587e-03
2.000000e+00 1.660000e+02 4.065530e-03
2.000000e+00 1.670000e+02 5.431445e-03
2.000000e+00 1.680000e+02 5.679382e-03
2.000000e+00 1.690000e+02 4.673987e-03
2.000000e+00 1.700000e+02 5.345799e-03
2.000000e+00 1.710000e+02 5.302280e-03
2.000000e+00 1.720000e+02 5.109907e-03
2.000000e+00 1.730000e+02 5.476537e-03
2.000000e+00 1.740000e+02 4.770211e-03
2.000000e+00 1.750000e+02 5.179389e-03
2.000000e+00 1.760000e+02 6.340587e-03
2.000000e+00 1.770000e+02 6.273256e-03
2.000000e+00 1.780000e+02 5.318490e-03
2.000000e+00 1.790000e+02 5.863576e-03
2.000000e+00 1.800000e+02 4.539683e-03
2.000000e+00 1.810000e+02 6.297737e-03
2.000000e+00 1.820000e+02 6.164336e-03
2.000000e+00 1.830000e+02 5.746443e-03
2.000000e+00 1.840000e+02 6.841758e-03
2.000000e+00 1.850000e+02 4.628667e-03
2.000000e+00 1.860000e+02 4.561329e-03
2.000000e+00 1.870000e+02 4.597769e-03
2.000000e+00 1.880000e+02 5.804241e-03
2.000000e+00 1.890000e+02 5.997017e-03
2.000000e+00 1.900000e+02 5.520411e-03
2.000000e+00 1.910000e+02 4.680639e-03
2.000000e+00 1.920000e+02 5.242651e-03
2.000000e+00 1.930000e+02 5.876882e-03
2.000000e+00 1.940000e+02 6.409857e-03
2.000000e+00 1.950000e+02 6.878879e-03
2.000000e+00 1.960000e+02 5.198760e-03
2.000000e+00 1.970000e+02 5.001436e-03
2.000000e+00 1.980000e+02 4.208383e-03
2.000000e+00 1.990000e+02 4.638601e-03
2.000000e+00 2.000000e+02 5.492889e-03
2.000000e+00 2.010000e+02 5.600670e-03
2.000000e+00 2.020000e+02 5.934606e-03
2.000000e+00 2.030000e+02 5.241102e-03
2.000000e+00 2.040000e+02 5.347406e-03
2.000000e+00 2.050000e+02 4.253676e-03
2.000000e+00 2.060000e+02 5.309159e-03
2.000000e+00 2.070000e+02 5.526491e-03
2.000000e+00 2.080000e+02 4.964994e-03
2.000000e+00 2.090000e+02 5.576453e-03
2.000000e+00 2.100000e+02 5.346484e-03
2.000000e+00 2.110000e+02 5.232966e-03
2.000000e+00 2.120000e+02 5.757321e-03
2.000000e+00 2.130000e+02 4.872662e-03
2.000000e+00 2.140000e+02 5.043260e-03
2.000000e+00 2.150000e+02 5.559053e-03
2.000000e+00 2.160000e+02 5.080452e-03
2.000000e+00 2.170000e+02 5.171994e-03
